1403636580063555584 -0.0420593 0.133266 0.0433961 -0.0304503 0.010333 -0.00879483 0.999444
1403636580113555456 -0.0451307 0.168677 0.0576824 -0.0344441 0.0105609 -0.0080955 0.999318
1403636580163555584 -0.0477269 0.200878 0.0653424 -0.0377036 0.0108299 -0.00836855 0.999195
1403636580213555456 -0.0527401 0.226677 0.0541357 -0.0417434 0.0110782 -0.00993467 0.999018
1403636580263555584 -0.0467371 0.240134 0.063332 -0.046066 0.0110787 -0.0117844 0.998807
1403636580313555456 -0.0538582 0.258787 0.0770058 -0.0513683 0.0118983 -0.015619 0.998487
1403636580363555584 -0.0542705 0.286811 0.0782662 -0.0583999 0.0109659 -0.0174565 0.99808
1403636580413555456 -0.0543873 0.293159 0.0783 -0.0679523 0.011386 -0.0199693 0.997424
1403636580463555584 -0.0455974 0.31651 0.0571576 -0.0780486 0.0106596 -0.0213206 0.996665
1403636580513555456 -0.0442013 0.330946 0.0522106 -0.0870777 0.0102047 -0.0219335 0.995908
1403636580563555584 -0.0395199 0.327779 0.0349486 -0.0942915 0.00840254 -0.0197531 0.995313
1403636580613555456 -0.0604248 0.310439 0.0723985 -0.0968504 0.00800498 -0.0192709 0.99508
1403636580663555584 -0.0620157 0.269988 0.0610984 -0.0955552 0.00741796 -0.0182243 0.99523
1403636580713555456 -0.0741804 0.22039 0.0895033 -0.0903094 0.00879609 -0.0195405 0.995683
1403636580763555584 -0.0542788 0.215661 0.0490956 -0.081422 0.00944047 -0.0200038 0.996434
1403636580813555456 -0.0547807 0.176588 0.0344245 -0.0725665 0.0123975 -0.0212577 0.99706
1403636580863555584 -0.0519617 0.13674 0.0257591 -0.0619237 0.0170618 -0.022472 0.997682
1403636580913555456 -0.0551583 0.0984208 0.0218822 -0.0509954 0.0219714 -0.0237115 0.998176
1403636580963555584 -0.0461244 0.0612754 0.0137365 -0.0403115 0.0232706 -0.0232678 0.998645
1403636581013555456 -0.040103 0.0224486 0.00723544 -0.0304078 0.0224979 -0.0223886 0.999034
1403636581063555584 -0.0371131 -0.0133593 0.00717401 -0.0210768 0.0207115 -0.0198119 0.999367
1403636581113555456 -0.0328784 -0.0463728 0.00552648 -0.012033 0.020574 -0.0168317 0.999574
1403636581163555584 -0.0259903 -0.0773275 -0.00127553 -0.00185929 0.0205812 -0.0119421 0.999715
1403636581213555456 -0.0221409 -0.101771 -0.00143401 0.00865138 0.0206545 -0.00820983 0.999716
1403636581263555584 -0.0166358 -0.124172 -0.000119173 0.0196492 0.0202311 -0.00401375 0.999594
1403636581313555456 -0.0120729 -0.141001 -0.00786302 0.0288965 0.0195831 -0.00360637 0.999384
1403636581363555584 -0.0116046 -0.150084 -0.0262416 0.0350111 0.0204532 -0.00266901 0.999174
1403636581413555456 -0.00936613 -0.151253 -0.0301525 0.0363814 0.0226726 -0.00503991 0.999068
1403636581463555584 -0.00891238 -0.142365 -0.0305262 0.0333424 0.024363 -0.00858741 0.99911
1403636581513555456 -0.0139175 -0.125619 -0.0186798 0.0266889 0.0260949 -0.0123082 0.999227
1403636581563555584 -0.0151271 -0.0987336 -0.00856953 0.0185014 0.0273611 -0.0129307 0.999371
1403636581613555456 -0.0189951 -0.0723853 0.00527682 0.00976951 0.0267615 -0.0135504 0.999502
1403636581663555584 -0.0217656 -0.0384525 0.0059763 0.00248429 0.0267796 -0.0132205 0.999551
1403636581713555456 -0.0235963 -0.00777986 0.0102036 -0.00320761 0.0266265 -0.0168221 0.999499
1403636581763555584 -0.0280959 0.0260883 0.0312366 -0.00689369 0.0260411 -0.0170197 0.999492
1403636581813555456 -0.0291494 0.0603455 0.0373722 -0.0104767 0.023496 -0.018871 0.999491
1403636581863555584 -0.0391424 0.097944 0.0463851 -0.0148091 0.0232029 -0.0201543 0.999418
1403636581913555456 -0.0416542 0.132004 0.0458815 -0.0220991 0.0221608 -0.0197592 0.999315
1403636581963555584 -0.04578 0.166601 0.0536346 -0.0312292 0.0253185 -0.0206395 0.998978
1403636582013555456 -0.0473015 0.195427 0.0617864 -0.0417456 0.0281184 -0.0212361 0.998507
1403636582063555584 -0.0469346 0.224713 0.0668573 -0.0526597 0.0307424 -0.0233396 0.997866
1403636582113555456 -0.0449507 0.247467 0.0641492 -0.0634261 0.0307371 -0.0256333 0.997184
1403636582163555584 -0.0451159 0.265256 0.0648982 -0.0720759 0.0286893 -0.0260247 0.996647
1403636582213555456 -0.0468171 0.273556 0.0659746 -0.0792162 0.0272877 -0.0270261 0.996117
1403636582263555584 -0.0481316 0.273572 0.0644243 -0.0829591 0.0258973 -0.0270003 0.99585
1403636582313555456 -0.0505729 0.262562 0.0615444 -0.0836548 0.024097 -0.0267766 0.995843
1403636582363555584 -0.0521113 0.243228 0.0558486 -0.0797192 0.0225179 -0.0246738 0.996257
1403636582413555456 -0.0549652 0.216948 0.0509028 -0.0714746 0.0215337 -0.0233572 0.996936
1403636582463555584 -0.0570976 0.187011 0.046066 -0.0616373 0.0209297 -0.021164 0.997655
1403636582513555456 -0.0569391 0.153631 0.0377683 -0.0525772 0.0215615 -0.0213327 0.998156
1403636582563555584 -0.0565746 0.118984 0.0311945 -0.045235 0.0226687 -0.0197176 0.998524
1403636582613555456 -0.0550561 0.083916 0.0241323 -0.0400432 0.0251207 -0.0199244 0.998683
1403636582663555584 -0.0523209 0.0483757 0.0174025 -0.0356456 0.0274964 -0.0182245 0.99882
1403636582713555456 -0.0496145 0.0137202 0.0108406 -0.0313523 0.0283295 -0.0159501 0.99898
1403636582763555584 -0.0447141 -0.02111 0.00464956 -0.0255345 0.0299648 -0.0117682 0.999155
1403636582813555456 -0.0397943 -0.056089 -0.00153708 -0.0186135 0.0332094 -0.00769035 0.999245
1403636582863555584 -0.0341369 -0.0933597 -0.00852483 -0.00995861 0.0380169 -0.00320944 0.999222
1403636582913555456 -0.0249217 -0.123571 -0.0134917 0.000694337 0.0408716 0.00146445 0.999163
1403636582963555584 -0.0137452 -0.14806 -0.0218598 0.0117309 0.0422384 0.00372438 0.999032
1403636583013555456 -0.00552683 -0.163238 -0.0159 0.0223927 0.0438567 0.00579954 0.99877
1403636583063555584 0.000551725 -0.174252 -0.0074309 0.029317 0.0434031 0.00552269 0.998612
1403636583113555456 -0.000513342 -0.18199 -0.0117821 0.0320834 0.0445646 0.00503642 0.998478
1403636583163555584 0.0031369 -0.177184 -0.0066933 0.0319 0.0467717 0.00237159 0.998393
1403636583213555456 0.00578759 -0.161617 0.00175656 0.0304039 0.0473421 -0.000183977 0.998416
1403636583263555584 0.0011884 -0.146975 0.000700852 0.0273092 0.0467735 -0.00215036 0.99853
1403636583313555456 -0.00426678 -0.132001 -0.000192084 0.0236396 0.0463126 -0.00346251 0.998641
1403636583363555584 -0.00359417 -0.10184 0.0132303 0.0194691 0.0458009 -0.00573223 0.998744
1403636583413555456 -0.0125787 -0.0702781 0.0175621 0.0154372 0.0441127 -0.00689659 0.998883
1403636583463555584 -0.0167575 -0.0378825 0.0201302 0.00989492 0.0422958 -0.0105325 0.999001
1403636583513555456 -0.0225445 -0.00502079 0.02218 0.0043977 0.0416521 -0.0133325 0.999034
1403636583563555584 -0.0241211 0.0325571 0.0322444 -0.00228178 0.041782 -0.0171677 0.998977
1403636583613555456 -0.0252228 0.0701473 0.0401277 -0.0104113 0.0452122 -0.0210078 0.998702
1403636583663555584 -0.027421 0.106911 0.0478213 -0.0215171 0.0427834 -0.0216732 0.998617
1403636583713555456 -0.0286752 0.142178 0.0556689 -0.0349102 0.0416893 -0.0196193 0.998328
1403636583763555584 -0.0289481 0.173337 0.06117 -0.049504 0.0402706 -0.0179073 0.997801
1403636583813555456 -0.0291105 0.202889 0.0659873 -0.0621749 0.040535 -0.0172093 0.997093
1403636583863555584 -0.0270833 0.229709 0.0690156 -0.0719873 0.041074 -0.018704 0.996384
1403636583913555456 -0.026554 0.252345 0.0712312 -0.0789445 0.0422432 -0.0233614 0.99571
1403636583963555584 -0.0271174 0.272051 0.0737057 -0.0829237 0.0406142 -0.0270943 0.995359
1403636584013555456 -0.0279963 0.284722 0.0730662 -0.0851096 0.0373938 -0.0291196 0.995244
1403636584063555584 -0.030225 0.289748 0.0740033 -0.0853194 0.0331784 -0.0302372 0.995342
1403636584113555456 -0.0314607 0.285979 0.0713962 -0.0854212 0.0298929 -0.0296518 0.995455
1403636584163555584 -0.0312525 0.276903 0.0688889 -0.0848405 0.0270887 -0.0290037 0.995604
1403636584213555456 -0.0334846 0.258379 0.0666345 -0.0834524 0.0260597 -0.0287795 0.995755
1403636584263555584 -0.0348867 0.234122 0.06079 -0.0807394 0.0253429 -0.0276754 0.996029
1403636584313555456 -0.0365093 0.205151 0.0564706 -0.0771307 0.0248859 -0.0264231 0.99636
1403636584363555584 -0.0358369 0.173678 0.052752 -0.0734202 0.0254065 -0.0260383 0.996637
1403636584413555456 -0.033987 0.138345 0.0476219 -0.0694081 0.0288012 -0.0278867 0.996782
1403636584463555584 -0.0336216 0.101163 0.0437121 -0.0637878 0.0318977 -0.0284077 0.997049
1403636584513555456 -0.0307453 0.0631651 0.0386185 -0.0561861 0.0331413 -0.0270837 0.997503
1403636584563555584 -0.0283482 0.0249947 0.036673 -0.0465114 0.0342863 -0.0235494 0.998051
1403636584613555456 -0.0257729 -0.0154516 0.0313004 -0.0349116 0.0365409 -0.0203408 0.998515
1403636584663555584 -0.0217633 -0.0548012 0.0235526 -0.0214731 0.0400313 -0.0170737 0.998822
1403636584713555456 -0.0171436 -0.0886146 0.0243117 -0.00787058 0.0432543 -0.0149651 0.998921
1403636584763555584 -0.00954264 -0.122361 0.0151381 0.00489256 0.0468131 -0.012463 0.998814
1403636584813555456 0.00279617 -0.148403 0.0196015 0.0157702 0.0477189 -0.010282 0.998683
1403636584863555584 0.00398182 -0.170821 0.0118532 0.0246302 0.048643 -0.00641877 0.998492
1403636584913555456 0.00569702 -0.188484 0.00590344 0.0306654 0.0478006 -0.00363655 0.998379
1403636584963555584 0.00642683 -0.199318 0.00312943 0.0338818 0.0487095 0.000133949 0.998238
1403636585013555456 0.00644653 -0.200454 -0.00181245 0.0337365 0.0507192 0.00190715 0.998141
1403636585063555584 0.00556503 -0.197387 -0.000222307 0.0317428 0.0526765 0.00284825 0.998103
1403636585113555456 0.00338781 -0.187532 0.00147974 0.0288054 0.052927 0.00272587 0.998179
1403636585163555584 0.00419893 -0.172745 0.0079283 0.0247318 0.0558601 0.00242558 0.998129
1403636585213555456 0.00584158 -0.149584 0.0173807 0.0202905 0.0589946 0.000793079 0.998052
1403636585263555584 0.00456303 -0.126195 0.0243705 0.0154925 0.0630212 -0.00399446 0.997884
1403636585313555456 -0.000440007 -0.106283 0.0339108 0.0108633 0.0663329 -0.00838378 0.997703
1403636585363555584 -0.00519169 -0.084678 0.0378041 0.00573832 0.0681809 -0.0145036 0.997551
1403636585413555456 -0.0065798 -0.0514359 0.0478754 0.000444522 0.0694729 -0.0181917 0.997418
1403636585463555584 -0.00700998 -0.0209093 0.0551339 -0.00580432 0.0665284 -0.0219839 0.997525
1403636585513555456 -0.00507497 0.00771627 0.0579475 -0.0131786 0.0632568 -0.0244689 0.99761
1403636585563555584 -0.00909479 0.0302182 0.059005 -0.0211321 0.0574368 -0.0273104 0.997752
1403636585613555456 -0.0102941 0.0534294 0.0565035 -0.0290792 0.0503812 -0.0282054 0.997908
1403636585663555584 -0.0126293 0.0713241 0.0509876 -0.0378514 0.0440303 -0.0274264 0.997936
1403636585713555456 -0.0138215 0.0872367 0.0458245 -0.0468501 0.037326 -0.0253712 0.997882
1403636585763555584 -0.0140648 0.0990234 0.0415826 -0.0562327 0.0330926 -0.0229985 0.997604
1403636585813555456 -0.0149071 0.107056 0.0358981 -0.0655901 0.028346 -0.0190915 0.997261
1403636585863555584 -0.0188207 0.111233 0.026516 -0.0761722 0.0249655 -0.0159917 0.996654
1403636585913555456 -0.021559 0.11324 0.0183912 -0.0867207 0.0226306 -0.012963 0.995891
1403636585963555584 -0.0219795 0.114548 0.0131437 -0.0985662 0.0231286 -0.0108007 0.994803
1403636586013555456 -0.0222164 0.115048 0.00962036 -0.111834 0.0269121 -0.0089804 0.993322
1403636586063555584 -0.0218871 0.115067 0.00708474 -0.125443 0.0345938 -0.0090042 0.991457
1403636586113555456 -0.0228727 0.114333 0.00682523 -0.137211 0.0417281 -0.00664708 0.98964
1403636586163555584 -0.0249891 0.112726 0.00330548 -0.147445 0.0475296 -0.00483835 0.987916
1403636586213555456 -0.0263588 0.111405 0.00132219 -0.156993 0.0498726 -0.00226681 0.986337
1403636586263555584 -0.0294586 0.110967 -0.00609365 -0.167234 0.0507673 -0.000860969 0.984609
1403636586313555456 -0.0311709 0.111232 -0.0122294 -0.177853 0.0519609 0.000733788 0.982684
1403636586363555584 -0.0310876 0.112014 -0.0188483 -0.189093 0.0525008 0.00212247 0.980552
1403636586413555456 -0.030308 0.112198 -0.0258165 -0.200503 0.0532161 0.00448402 0.978236
1403636586463555584 -0.0297919 0.113232 -0.0329588 -0.211138 0.0533681 0.00420841 0.975989
1403636586513555456 -0.0279883 0.113749 -0.0394342 -0.220361 0.0531858 0.00335738 0.973962
1403636586563555584 -0.0246623 0.113196 -0.0424021 -0.227526 0.0510155 0.00345521 0.972429
1403636586613555456 -0.0216962 0.111598 -0.0462875 -0.231317 0.0497242 0.00282925 0.971603
1403636586663555584 -0.0159661 0.109727 -0.0473955 -0.231963 0.0497929 0.0043045 0.97144
1403636586713555456 -0.0110168 0.107337 -0.0476279 -0.229192 0.0489358 0.00477718 0.972139
1403636586763555584 -0.00694281 0.104007 -0.0472406 -0.225342 0.0468631 0.00527986 0.973138
1403636586813555456 -0.00297576 0.102496 -0.0463925 -0.220421 0.0454225 0.00566775 0.97433
1403636586863555584 0.00355473 0.102501 -0.0443174 -0.216155 0.0440262 0.00468499 0.975355
1403636586913555456 0.00633685 0.102415 -0.0411803 -0.213045 0.0419791 0.00290911 0.976136
1403636586963555584 0.00739491 0.101992 -0.0387817 -0.210565 0.0395213 0.00210104 0.976778
1403636587013555456 0.00905217 0.101526 -0.0348391 -0.209394 0.0366659 -0.00122086 0.977143
1403636587063555584 0.0100959 0.10069 -0.032348 -0.209993 0.0350433 -0.00221272 0.977072
1403636587113555456 0.0120775 0.0995143 -0.0274094 -0.212831 0.0335866 -0.0040815 0.976503
1403636587163555584 0.0149921 0.0992701 -0.0241408 -0.21526 0.0332611 -0.00570056 0.975974
1403636587213555456 0.0196565 0.0992449 -0.0203837 -0.216488 0.0325484 -0.00607101 0.975724
1403636587263555584 0.0259036 0.0980292 -0.0182946 -0.217574 0.0334181 -0.00541927 0.975457
1403636587313555456 0.0336907 0.0973396 -0.0128787 -0.218124 0.0349496 -0.00396389 0.975287
1403636587363555584 0.045779 0.0965392 -0.00754171 -0.218987 0.0364635 -0.00248086 0.975043
1403636587413555456 0.0586057 0.0965311 -0.00216596 -0.219482 0.0381061 -0.00134627 0.974871
1403636587463555584 0.0758518 0.0963746 0.00460691 -0.220966 0.0387181 0.00137174 0.974512
1403636587513555456 0.0929488 0.0964911 0.0100656 -0.221727 0.0400033 0.0030908 0.974283
1403636587563555584 0.110324 0.0963147 0.0151376 -0.22204 0.0423762 0.00477004 0.974105
1403636587613555456 0.130034 0.0959852 0.0199825 -0.221148 0.0451421 0.00637811 0.974174
1403636587663555584 0.150584 0.0956988 0.0256151 -0.218166 0.048226 0.00784645 0.974688
