00030 0.0439753 -0.0130951 -0.00417034 0.0138001 0.0204295 0.019197 0.999512
00031 0.048427 -0.0135716 -0.00467 0.0136619 0.0227217 0.0192622 0.999463
00032 0.053022 -0.0134361 -0.00520398 0.0128589 0.0251355 0.0180344 0.999439
00033 0.0590846 -0.0136519 -0.00568696 0.0128952 0.0287776 0.0165643 0.999365
00034 0.0658776 -0.0142261 -0.00614031 0.014571 0.0331976 0.0155848 0.999221
00035 0.0719604 -0.0148045 -0.00691619 0.0177232 0.037057 0.0152055 0.99904
00036 0.0775515 -0.0166738 -0.00772232 0.0207406 0.0403717 0.0153929 0.998851
00037 0.0832838 -0.0177648 -0.00865217 0.0235127 0.04395 0.0157473 0.998633
00038 0.0879716 -0.0188266 -0.00986896 0.0256048 0.0475435 0.0158714 0.998415
00039 0.0923818 -0.019977 -0.0108825 0.0273094 0.0503873 0.0151477 0.998241
00040 0.0968196 -0.0216552 -0.0118777 0.0293212 0.0532031 0.0130639 0.998068
00041 0.102731 -0.0250239 -0.0128498 0.0321456 0.0565366 0.0105931 0.997827
00042 0.107499 -0.0272595 -0.0141558 0.0369357 0.060865 0.00860456 0.997425
00043 0.11144 -0.0302719 -0.0158242 0.041385 0.0645772 0.00690522 0.99703
00044 0.113315 -0.0314764 -0.0168187 0.0462254 0.0678266 0.00598441 0.996608
00045 0.115153 -0.0331478 -0.0173057 0.0492359 0.0695338 0.0051268 0.996351
00046 0.116554 -0.0344504 -0.0173623 0.0513686 0.0695615 0.00515204 0.996241
00047 0.117367 -0.035329 -0.0177002 0.0526634 0.0692641 0.0064688 0.996186
00048 0.118245 -0.0356275 -0.0181001 0.0531156 0.0697667 0.00730435 0.996121
00049 0.12064 -0.0348983 -0.0180818 0.0535013 0.0710225 0.00759127 0.99601
00050 0.122649 -0.0368113 -0.0189196 0.0532968 0.0728435 0.00810159 0.995885
00051 0.124325 -0.0380214 -0.0196466 0.0544789 0.0745649 0.00806347 0.995694
00052 0.125532 -0.0392409 -0.0208045 0.0570474 0.0767837 0.00775552 0.995384
00053 0.12708 -0.0419063 -0.0225804 0.0590277 0.0787355 0.00740692 0.995119
00054 0.130256 -0.0444671 -0.0242639 0.0609381 0.081038 0.00639176 0.994826
00055 0.134777 -0.0470865 -0.0256943 0.0620495 0.0838431 0.00535564 0.994531
00056 0.137887 -0.0497419 -0.0276939 0.062779 0.0872221 0.00405997 0.9942
00057 0.139988 -0.0518084 -0.0288608 0.063631 0.0899768 0.00223234 0.993907
00058 0.141618 -0.0533131 -0.0305908 0.0645351 0.0918838 0.000342127 0.993676
00059 0.144657 -0.0550573 -0.0316629 0.0642116 0.0927882 -0.00112139 0.993613
00060 0.146533 -0.056159 -0.0334211 0.0636436 0.0947312 -0.00297694 0.993462
00061 0.149181 -0.0571189 -0.0353813 0.0628685 0.0967264 -0.00449121 0.993313
00062 0.151514 -0.0582348 -0.037146 0.0621547 0.0981858 -0.00565578 0.993209
00063 0.154327 -0.0585199 -0.0384877 0.0621728 0.0985313 -0.00638572 0.993169
00064 0.155175 -0.0594826 -0.0396867 0.0620991 0.0991138 -0.00709304 0.993111
00065 0.156899 -0.0596706 -0.0407138 0.061995 0.0994795 -0.00719461 0.99308
00066 0.157736 -0.0598894 -0.0417862 0.0613857 0.100422 -0.00706174 0.993024
00067 0.158725 -0.0597757 -0.0429764 0.0604619 0.101576 -0.00691062 0.992965
00068 0.161638 -0.0597296 -0.0440199 0.059565 0.102324 -0.00670191 0.992944
00069 0.164032 -0.0601418 -0.044879 0.0594125 0.102574 -0.00675564 0.992927
00070 0.164273 -0.0610894 -0.0456312 0.0601809 0.102884 -0.00642992 0.99285
00071 0.166378 -0.0614431 -0.0463733 0.0613383 0.10209 -0.00572124 0.992866
00072 0.166982 -0.0632414 -0.0462542 0.061185 0.101609 -0.00511621 0.992928
00073 0.167742 -0.0638207 -0.0462926 0.0609117 0.101319 -0.00495386 0.992975
00074 0.167961 -0.0643439 -0.0463404 0.0607829 0.101172 -0.00512535 0.992997
00075 0.168182 -0.0645056 -0.0466685 0.0614106 0.10157 -0.00547132 0.992916
00076 0.170944 -0.0657316 -0.0470807 0.0620762 0.101701 -0.00490804 0.992864
00077 0.173129 -0.0664244 -0.0475584 0.0628654 0.101704 -0.0042144 0.992817
00078 0.173394 -0.0659292 -0.0474985 0.0634588 0.101351 -0.00395936 0.992817
00079 0.172472 -0.0657388 -0.0471672 0.0636025 0.101567 -0.00454662 0.992783
00080 0.172891 -0.0660378 -0.0471608 0.0640296 0.102068 -0.00469225 0.992704
00081 0.173441 -0.0666935 -0.0475712 0.0647816 0.102727 -0.00444283 0.992588
00082 0.174086 -0.0671154 -0.0471555 0.0652669 0.102421 -0.00410431 0.992589
